0.4169706849176573
0.6131861176144151
0.3519559914129031
0.9755632701436953
0.3336275117447395
0.33085017027623853
0.5336173992249615
0.7550018527780034
0.6912886063278721
0.5789449217563467
0.47647920462364934
0.5454238020436346
0.0370523034661846
0.06664468455550254
0.516934459297037
0.9276906372486652
0.3972851147686952
0.22743086725045858
0.10389696468471554
0.9189948339968246
0.29823570289860524
0.8427383546038295
0.0036619039237051343
0.6135355480740462
0.35394099103207954
0.49935053761374526
0.44536462956406786
0.5181641475417684
0.9495311936261812
0.28487069704719437
0.7395395089566067
0.6987533402560773
0.5021420946952319
0.8062609207718322
0.8720059535936615
0.17433165160202346
0.016994196358615876
0.8283543132608336
0.3262864887860394
0.3485649180072443
0.17280020320748768
0.5724099084361912
0.9199875302396493
0.6519547544008376
0.9685139072814263
0.9891940040608035
0.7540502853774081
0.983163846863104
0.04253473023604193
0.1267355541074502
0.46850602536809227
0.9841662711242699
0.135834185514089
0.0498176342895309
0.8743460890124896
0.6614604957223273
0.8120718389885038
0.636430285513464
0.688343991223859
0.37437156698697627
0.47061986569562775
0.9758252653416359
0.5361432180919664
0.7515084283747109
0.8925170974265111
0.02347621141146139
0.6086509789376839
0.6677307003069758
0.044724741332070383
0.6301623472446963
0.3577548914123345
0.016519146262242157
0.6346578260099249
0.05555799423441443
0.3996059111424256
0.6464323173976421
0.9548174980678097
0.6011236746057473
0.3571873638114489
0.49537152636217696
0.8864515903596424
0.05275937635688355
0.7186170376327232
0.6526651160373
0.5415216860531042
0.21059402469805621
0.9136047723312921
0.8065219590796684
0.9138569224233256
0.9014495706901641
0.7177158603321862
0.2931934430601574
0.08322627134007687
0.5189320255367748
0.7825660437718454
0.7542218653150317
0.9701625213664062
0.31676598336159456
0.5598010152261885
0.22944298438998223
